3.224170682960052403e+01
3.292586346141944631e+01
3.360737026060698440e+01
3.428699792080612951e+01
3.496550419928104958e+01
3.564363698225609056e+01
3.632213724733265536e+01
3.700174194422156404e+01
3.768318681390128688e+01
3.836720916522391178e+01
3.905455062716939096e+01
3.974595989417094444e+01
4.044219548134709186e+01
4.114402850590109040e+01
4.185224551052489517e+01
4.256765134420998464e+01
4.329107211545918688e+01
4.402335823248893831e+01
4.476538754450719182e+01
4.551806859760056057e+01
4.628234401796476760e+01
4.705919403425892256e+01
4.784964014953400380e+01
4.865474897140850175e+01
4.947563620688065811e+01
5.031347082509987700e+01
5.116947938743635405e+01
5.204495053905322521e+01
5.294123964957416462e+01
5.385977358199452425e+01
5.480205555834164244e+01
5.576967007713947311e+01
5.676428782094529168e+01
5.778767047145132096e+01
5.884167532386383215e+01
5.992825956087811790e+01
6.104948400828796906e+01
6.220751614814952291e+01
6.340463211038125735e+01
6.464321729861276822e+01
6.592576523030989222e+01
6.725487408415131085e+01
6.863324034969448917e+01
7.006364886706965933e+01
7.154895843048481652e+01
7.309208201475858857e+01
7.469596057692970703e+01
7.636352929863174666e+01
7.809767508724590357e+01
7.990118416909832888e+01
8.177667871741817862e+01
8.372654169800178181e+01
8.575282952872208853e+01
8.785717277664799951e+01
9.004066599381145863e+01
9.230374893696664174e+01
9.464608281450129823e+01
9.706642679238751725e+01
9.956252164583504793e+01
1.021309889662229295e+02
1.047672554563497442e+02
1.074655122597407626e+02
1.102187186631214502e+02
1.130186576541660912e+02
1.158560476376057551e+02
1.187207102734803783e+02
1.216017893288305913e+02
1.244880102880143511e+02
1.273679660337125767e+02
1.302304109374940992e+02
1.330645447180171175e+02
1.358602686171284972e+02
1.386083995895135388e+02
1.413008327408292075e+02
1.439306474218716403e+02
1.464921574126492487e+02
1.489809098697044476e+02
1.513936407614011443e+02
1.537281962430915314e+02
1.559834299176844752e+02
1.581590854302329490e+02
1.602556726685918989e+02
1.622743442955201658e+02
1.642167776817368861e+02
1.660850657350233064e+02
1.678816187459767093e+02
1.696090782529995522e+02
1.712702430777252971e+02
1.728680070772220745e+02
1.744053077653849471e+02
1.758850847300651310e+02
1.773102466741781029e+02
1.786836459011280169e+02
1.800080591173605740e+02
1.812861735140608062e+02
1.825205771982600425e+02
1.837137531586570844e+02
1.848680760647313264e+02
1.859858113043903245e+02
1.870691157621932064e+02
1.881200399261233827e+02
1.891405309856901908e+02
1.901324366480433241e+02
1.910975094529808871e+02
1.920374114130069358e+02
1.929537188421338954e+02
1.938479272679239216e+02
1.947214563465438744e+02
1.955756547208879681e+02
1.964118047783417751e+02
1.972311272778205193e+02
1.980347858261626470e+02
1.988238911922277623e+02
1.995995054534428448e+02
2.003626459745972852e+02
2.011142892225553283e+02
2.018553744235088345e+02
2.025868070716800275e+02
-1.566905376999403359e+02
-1.559758118749293203e+02
-1.552681914220027011e+02
-1.545668732632385058e+02
-1.538710723277760906e+02
-1.531800186763925353e+02
-1.524929546818772792e+02
-1.518091322497635645e+02
-1.511278100635478836e+02
-1.504482508380386321e+02
-1.497697185639546547e+02
-1.490914757262621038e+02
-1.484127804779459154e+02
-1.477328837500853354e+02
-1.470510262780121877e+02
-1.463664355221226572e+02
-1.456783224605275393e+02
-1.449858782290875183e+02
-1.442882705825167307e+02
-1.435846401481711609e+02
-1.428740964417277439e+02
-1.421557136113341073e+02
-1.414285258738318873e+02
-1.406915226034040245e+02
-1.399436430294118736e+02
-1.391837704962849784e+02
-1.384107262342058675e+02
-1.376232625848899715e+02
-1.368200556222495266e+02
-1.359996971031395390e+02
-1.351606856789883579e+02
-1.343014172951391174e+02
-1.334201747016515185e+02
-1.325151159975342807e+02
-1.315842621308784146e+02
-1.306254832810867867e+02
-1.296364840577327300e+02
-1.286147874657694956e+02
-1.275577176111970914e+02
-1.264623811586002660e+02
-1.253256476069375651e+02
-1.241441285286210530e+02
-1.229141560277654719e+02
-1.216317608273716360e+02
-1.202926506086682821e+02
-1.188921895275392728e+02
-1.174253803012356059e+02
-1.158868512062800562e+02
-1.142708531121345459e+02
-1.125712720931614683e+02
-1.107815707509818708e+02
-1.088948460831810507e+02
-1.069040540884478787e+02
-1.048019206791292959e+02
-1.025811122238050075e+02
-1.002344392805835582e+02
-9.775510577369209386e+01
-9.513702866580393902e+01
-9.237523455051706378e+01
-8.946633205471187011e+01
-8.640904868740301481e+01
-8.320480635700471339e+01
-7.985829189106357262e+01
-7.637795990616814379e+01
-7.277638968106390394e+01
-6.907041139759360249e+01
-6.528092666449612125e+01
-6.143237777996358773e+01
-5.755186856056354827e+01
-5.366799843390458591e+01
-4.980952641247642987e+01
-4.600401654146361352e+01
-4.227662032237151379e+01
-3.864912317431009114e+01
-3.513933035763125190e+01
-3.176080839117992127e+01
-2.852294617075676797e+01
-2.543126572533486751e+01
-2.248789857315551899e+01
-1.969214678645181493e+01
-1.704106197407691070e+01
-1.452999408664288694e+01
-1.215308039318830424e+01
-9.903660361911192922e+00
-7.774613452531866642e+00
-5.758624120916351785e+00
-3.848382365766838120e+00
-2.036729805688025863e+00
-3.167613858340132538e-01
1.318107970639230464e+00
2.874103665249811090e+00
4.357071923533106350e+00
5.772475029757466736e+00
7.125396993788318589e+00
8.420556331642121251e+00
9.662323449867379566e+00
1.085474077050988129e+01
1.200154423997835806e+01
1.310618525524873412e+01
1.417185233660549137e+01
1.520149209754766417e+01
1.619782922579534556e+01
1.716338530816131680e+01
1.810049641714197577e+01
1.901132943681594512e+01
1.989789714653449337e+01
2.076207210799737979e+01
2.160559941825150077e+01
2.243010840099480419e+01
2.323712331316318469e+01
2.402807314490003421e+01
2.480430058977649210e+01
2.556707025918004561e+01
2.631757621107935208e+01
2.705694885898962099e+01
2.778626132241948810e+01
2.850653527553656730e+01
2.921874634632830947e+01
2.992382911430644654e+01
3.062268175089477751e+01
3.131617034292341728e+01
3.200513293636262091e+01
