-5.513358313140639666e+01
-5.332389269316337277e+01
-5.152005143859918235e+01
-4.972479155431500430e+01
-4.794075930653116302e+01
-4.617049055647623845e+01
-4.441638890690938979e+01
-4.268070689384194338e+01
-4.096553051158338121e+01
-3.927276722936318265e+01
-3.760413753163561523e+01
-3.596116989831313049e+01
-3.434519904082986841e+01
-3.275736712840171094e+01
-3.119862767801544123e+01
-2.966975174167146179e+01
-2.817133600411364114e+01
-2.670381240149436053e+01
-2.526745888353883629e+01
-2.386241096533149175e+01
-2.248867374703075939e+01
-2.114613411745636995e+01
-1.983457289780398014e+01
-1.855367672280561919e+01
-1.730304949637655909e+01
-1.608222329605814593e+01
-1.489066863436227095e+01
-1.372780401509299963e+01
-1.259300474832588179e+01
-1.148561100942168878e+01
-1.040493514495904037e+01
-9.350268242487402404e+00
-8.320885991602153808e+00
-7.316053871690087362e+00
-6.335031706973040855e+00
-5.377077632830946641e+00
-4.441451518928886344e+00
-3.527417894988900571e+00
-2.634248424281281586e+00
-1.761223968373940352e+00
-9.076362845308381111e-01
-7.278939473962964257e-02
7.439993374611773014e-01
1.543398388972370361e+00
2.326061487495948654e+00
3.092627222608689053e+00
3.843718832735873114e+00
4.579944145782587128e+00
5.301895653743070369e+00
6.010150703938515804e+00
6.705271791746040932e+00
7.387806941705937547e+00
8.058290165810108263e+00
8.717241989513420108e+00
9.365170037626660005e+00
1.000256967375773876e+01
1.062992468839689764e+01
1.124770803201861291e+01
1.185638259086486279e+01
1.245640200425811628e+01
1.304821152347714275e+01
1.363224891337766032e+01
1.420894539914007737e+01
1.477872666171635707e+01
1.534201388683660738e+01
1.589922487379563343e+01
1.645077521174431112e+01
1.699707953285448525e+01
1.753855285359682270e+01
1.807561201752847779e+01
1.860867725541694639e+01
1.913817388142160070e+01
1.966453414743391903e+01
2.018819928167506106e+01
2.070962174241370235e+01
2.122926772340398216e+01
2.174761995453507879e+01
2.226518084955253585e+01
2.278247606290726779e+01
2.330005853027395801e+01
2.381851308265633804e+01
2.433846174300208176e+01
2.486056983794376052e+01
2.538555308684745881e+01
2.591418586760420695e+01
2.644731090574698840e+01
2.698585069346273357e+01
2.753082102204817261e+01
2.808334711066999745e+01
2.864468294345038046e+01
2.921623459613748608e+01
2.979958855720254363e+01
3.039654634611101969e+01
3.100916713219070431e+01
3.163982060152366671e+01
3.229125306580419164e+01
3.296667084269589765e+01
3.366984639099804610e+01
3.440525475058960581e+01
3.517825081496878425e+01
3.599530231745848141e+01
3.686429987542881292e+01
3.779497519384572257e+01
3.879947352281743633e+01
3.989314994668899317e+01
4.109569661305733490e+01
4.243276928491008704e+01
4.393838387211369678e+01
4.565852811140921119e+01
4.765673750950277565e+01
5.002292230779812598e+01
5.288768580471580805e+01
5.644601486023089620e+01
6.099669572615590596e+01
6.700561400343737262e+01
7.519139867038180114e+01
8.656044842688832830e+01
1.020490809897489157e+02
1.211430721611259855e+02
1.406019401438535397e+02
1.568346383663155450e+02
1.688763809702282970e+02
1.775422403314359485e+02
1.838733391543024140e+02
1.886406644258019867e+02
1.923480593747084697e+02
1.953183168224025792e+02
1.977612466996375531e+02
1.998167080779307980e+02
2.015805247757978407e+02
2.031201103426351438e+02
2.044840622695023740e+02
2.057081959536021998e+02
2.068194360156377059e+02
2.078383877115004168e+02
2.087810754738956973e+02
2.096601434925425167e+02
2.104857010711575924e+02
2.112659285570341297e+02
2.120075187940482238e+02
2.127160035871627031e+02
2.133959984652949231e+02
2.140513885207816998e+02
2.146854711635818376e+02
2.153010669672119093e+02
2.159006066033771560e+02
2.164861996607171761e+02
2.170596895980249883e+02
2.176226979839765363e+02
2.181766603853856452e+02
2.187228556912576209e+02
2.192624302374201193e+02
2.197964177829051096e+02
2.203257561542245924e+02
2.208513011960683912e+02
2.213738385315988353e+02
2.218940935315216052e+02
2.224127398107077340e+02
2.229304065084498063e+02
2.234476845592804750e+02
2.239651321224883702e+02
2.244832793076689939e+02
2.250026323090293658e+02
2.255236770414193757e+02
2.260468823551061348e+02
2.265727028933624467e+02
2.271015816463746262e+02
2.276339522463318019e+02
2.281702410413901134e+02
2.287108689803343111e+02
2.292562533348020395e+02
2.298068092818267019e+02
2.303629513659705594e+02
2.309250948573662185e+02
2.314936570194495005e+02
2.320690582979917735e+02
2.326517234411135746e+02
2.332420825582705959e+02
2.338405721247091265e+02
2.344476359364637119e+02
2.350637260197043759e+02
2.356893034970225074e+02
2.363248394120483340e+02
2.369708155126352551e+02
2.376277249916910250e+02
2.382960731835020738e+02
2.389763782121960958e+02
2.396691715876592355e+02
2.403749987428343502e+02
2.410944195048381573e+02
2.418280084907649723e+02
2.425763554172731347e+02
2.433400653112122427e+02
2.441197586065327982e+02
2.449160711105482733e+02
2.457296538202771217e+02
2.465611725671335535e+02
2.474113074655973037e+02
2.482807521387492784e+02
2.491702126907192110e+02
2.500804063932193344e+02
2.510120600504501738e+02
2.519659080039393189e+02
2.529426897363137812e+02
2.539431470308152257e+02
2.549680206417142472e+02
2.560180464298695142e+02
2.570939509177374589e+02
2.581964462194723069e+02
2.593262243047221887e+02
2.604839505596773392e+02
2.616702566162103381e+02
2.628857324300823279e+02
2.641309176024897170e+02
2.654062919561829403e+02
2.667122653981400049e+02
2.680491671258626525e+02
2.694172342633866037e+02
2.708166000463260730e+02
2.722472817119181059e+02
2.737091682894384235e+02
2.752020085272444589e+02
2.767253992333198767e+02
2.782787743445800857e+02
2.798613950734211357e+02
2.814723415055171927e+02
2.831105060371983200e+02
2.847745890409121330e+02
2.864630971303343472e+02
2.881743443603758692e+02
2.899064566403130812e+02
2.916573795603782173e+02
2.934248897350709058e+02
2.952066096529757147e+02
2.970000258981982597e+02
2.988025104788573572e+02
3.006113448706469171e+02
3.024237462667027216e+02
3.042368954263272371e+02
3.060479654417180200e+02
