3.329276609671441634e+01
3.397251108459478530e+01
3.465018774992680761e+01
3.532655640792814467e+01
3.600236548218889254e+01
3.667835452781761774e+01
3.735525715088854071e+01
3.803380384532000846e+01
3.871472476705461219e+01
3.939875246419991583e+01
4.008662458084093316e+01
4.077908655133109050e+01
4.147689430114426301e+01
4.218081696965047911e+01
4.289163966958981433e+01
4.361016629740358752e+01
4.433722240796760161e+01
4.507365816663143221e+01
4.582035139069616747e+01
4.657821069160306848e+01
4.734817872795201765e+01
4.813123557811395159e+01
4.892840223940482502e+01
4.974074425849114078e+01
5.056937549481250471e+01
5.141546201507140523e+01
5.228022611210551673e+01
5.316495043548886912e+01
5.407098221368971736e+01
5.499973753818257194e+01
5.595270566823833036e+01
5.693145330060489329e+01
5.793762873046537010e+01
5.897296580833950230e+01
6.003928757105940406e+01
6.113850939313236665e+01
6.227264146663503652e+01
6.344379037256562981e+01
6.465415945359328020e+01
6.590604763672176603e+01
6.720184628442797248e+01
6.854403357449493228e+01
6.993516582327941933e+01
7.137786507702404037e+01
7.287480220481921833e+01
7.442867464202903705e+01
7.604217786330072215e+01
7.771796962353299421e+01
7.945862601088346366e+01
8.126658843057155934e+01
8.314410080943571302e+01
8.509313660902655840e+01
8.711531569170541900e+01
8.921181172735840903e+01
9.138325167550311789e+01
9.362960992599698784e+01
9.595010089795586339e+01
9.834307520371184808e+01
1.008059257553288290e+02
1.033350112448926694e+02
1.059256050432556151e+02
1.085718774980110624e+02
1.112669186607899690e+02
1.140028065142643214e+02
1.167707228215063537e+02
1.195611149913107738e+02
1.223638982394560344e+02
1.251686883696874730e+02
1.279650522947386548e+02
1.307427614888889025e+02
1.334920332398512812e+02
1.362037459058495017e+02
1.388696171514008881e+02
1.414823378720287508e+02
1.440356586406967381e+02
1.465244294418650099e+02
1.489445967419089811e+02
1.512931642956389737e+02
1.535681254188216371e+02
1.557683748395554915e+02
1.578936078602817759e+02
1.599442136495347597e+02
1.619211682711291189e+02
1.638259317471545558e+02
1.656603521882546488e+02
1.674265789056396159e+02
1.691269854930947645e+02
1.707641031470363657e+02
1.723405639672307075e+02
1.738590536257847532e+02
1.753222725757937042e+02
1.767329048628976693e+02
1.780935935736674480e+02
1.794069219800472297e+02
1.806753994994381287e+02
1.819014516703393269e+02
1.830874134330341008e+02
1.842355250957857322e+02
1.853479304547657591e+02
1.864266766171005258e+02
1.874737151497057539e+02
1.884909042413371765e+02
1.894800116213541799e+02
1.904427180268831989e+02
1.913806210508166430e+02
1.922952392372815780e+02
1.931880163196009335e+02
1.940603255193589973e+02
1.949134738443239314e+02
1.957487063387757473e+02
1.965672102524320621e+02
1.973701191044212351e+02
1.981585166269912293e+02
1.989334405801208447e+02
1.996958864334127099e+02
2.004468109157235745e+02
2.011871354361744864e+02
2.019177493827191086e+02
2.026395133063767275e+02
-1.566467379992098472e+02
-1.559401925120378394e+02
-1.552400580780004589e+02
-1.545455595764872214e+02
-1.538559361420461755e+02
-1.531704384281396472e+02
-1.524883258984672239e+02
-1.518088641307106172e+02
-1.511313221168795451e+02
-1.504549695437293053e+02
-1.497790740359023687e+02
-1.491028983434604243e+02
-1.484256974544428545e+02
-1.477467156117832587e+02
-1.470651832124722489e+02
-1.463803135652119636e+02
-1.456912994808821793e+02
-1.449973096679487696e+02
-1.442974849025098933e+02
-1.435909339398356224e+02
-1.428767291311401948e+02
-1.421539017057733076e+02
-1.414214366750935028e+02
-1.406782673099165493e+02
-1.399232691386080774e+02
-1.391552534076822383e+02
-1.383729599410557398e+02
-1.375750493280971511e+02
-1.367600943642672462e+02
-1.359265706616948819e+02
-1.350728463406639719e+02
-1.341971707071272135e+02
-1.332976618163790477e+02
-1.323722928198541808e+02
-1.314188769916053445e+02
-1.304350513347517335e+02
-1.294182586783871045e+02
-1.283657281945795887e+02
-1.272744542971754242e+02
-1.261411739343136560e+02
-1.249623423615528566e+02
-1.237341075916913269e+02
-1.224522838725467295e+02
-1.211123247618911023e+02
-1.197092966749355867e+02
-1.182378542442277194e+02
-1.166922198802990351e+02
-1.150661765837151052e+02
-1.133531519168288639e+02
-1.115458281673653858e+02
-1.096366306735835394e+02
-1.076178131592394323e+02
-1.054811809485996150e+02
-1.032184352846674074e+02
-1.008213630818788147e+02
-9.828211160621742692e+01
-9.559355381489331194e+01
-9.274975113203225874e+01
-8.974651448367785633e+01
-8.658205178347543551e+01
-8.325767115822128517e+01
-7.977848497167758524e+01
-7.615403333956061260e+01
-7.239872360488118375e+01
-6.853197319859464187e+01
-6.457795707233657367e+01
-6.056490350376839160e+01
-5.652395114621884886e+01
-5.248766214729772628e+01
-4.848835857485312317e+01
-4.455648902696316327e+01
-4.071922542147581225e+01
-3.699943899106307299e+01
-3.341512685298556562e+01
-2.997928023464413627e+01
-2.670012301557716228e+01
-2.358161505964221760e+01
-2.062410841292756913e+01
-1.782505826134513427e+01
-1.517971477331002461e+01
-1.268174822160779058e+01
-1.032378273558754245e+01
-8.097831317652662619e+00
-5.995636136654752590e+00
-4.008924510536303387e+00
-2.129593732280568474e+00
-3.498382466411271707e-01
1.337768335075667947e+00
2.940225568485252072e+00
4.464083909473050227e+00
5.915440690896254239e+00
7.299948772808602548e+00
8.622833630007109562e+00
9.888915721567970607e+00
1.110263583944319699e+01
1.226808179098448903e+01
1.338901526891972971e+01
1.446889813444370709e+01
1.551091761249129597e+01
1.651801009642310092e+01
1.749288340043672463e+01
1.843803739667070118e+01
1.935578304131823302e+01
2.024825983856730360e+01
2.111745181919287973e+01
2.196520212697381780e+01
2.279322631413772982e+01
2.360312444954971411e+01
2.439639214195893402e+01
2.517443057684878482e+01
2.593855566022946491e+01
2.669000635654186482e+01
2.742995230152017783e+01
2.815950076436920568e+01
2.887970302736366790e+01
2.959156024505450944e+01
3.029602883969548444e+01
3.099402548437389626e+01
3.168643172069372582e+01
3.237409825355202031e+01
3.305784896178006704e+01
