3.478833299245055599e+01
3.546197856620943156e+01
3.613447248637181985e+01
3.680655777324472666e+01
3.747896762928483128e+01
3.815242836665003523e+01
3.882766223593505117e+01
3.950539017649455786e+01
4.018633450739435631e+01
4.087122157671609557e+01
4.156078438587823598e+01
4.225576520460440832e+01
4.295691819130117750e+01
4.366501203271700859e+01
4.438083261597071782e+01
4.510518574519006307e+01
4.583889991411669484e+01
4.658282914507541506e+01
4.733785590356379913e+01
4.810489409642456593e+01
4.888489215990941972e+01
4.967883624200195669e+01
5.048775348090417481e+01
5.131271537851812781e+01
5.215484126399233844e+01
5.301530183766961812e+01
5.389532277991411746e+01
5.479618840207690056e+01
5.571924530796268726e+01
5.666590602323889669e+01
5.763765253696602997e+01
5.863603968328045823e+01
5.966269827180573770e+01
6.071933785213145285e+01
6.180774896989764500e+01
6.292980473939479680e+01
6.408746151934457203e+01
6.528275843433944203e+01
6.651781543406518438e+01
6.779482952588385558e+01
6.911606875431013464e+01
7.048386343451251435e+01
7.190059407860195506e+01
7.336867538694177426e+01
7.489053561717051366e+01
7.646859059948880599e+01
7.810521164791171600e+01
7.980268663784231364e+01
8.156317359715632165e+01
8.338864631083256995e+01
8.528083169025440213e+01
8.724113902882454852e+01
8.927058177459988997e+01
9.136969310810184197e+01
9.353843741512638132e+01
9.577612066372309130e+01
9.808130367626350221e+01
1.004517232404283646e+02
1.028842268012483743e+02
1.053747269652109395e+02
1.079181820598290074e+02
1.105086083786280255e+02
1.131391284046279111e+02
1.158020572400528891e+02
1.184890267917157018e+02
1.211911442169483166e+02
1.238991780804777676e+02
1.266037630214414520e+02
1.292956118764376754e+02
1.319657234399510344e+02
1.346055744919277117e+02
1.372072863110530818e+02
1.397637583680410103e+02
1.422687648823863071e+02
1.447170130112966717e+02
1.471041642434822734e+02
1.494268228142876467e+02
1.516824964916866918e+02
1.538695358807879074e+02
1.559870585339676268e+02
1.580348637746989766e+02
1.600133434105422054e+02
1.619233925848958222e+02
1.637663240328208190e+02
1.655437880636224577e+02
1.672576997564748069e+02
1.689101741586943604e+02
1.705034697286988319e+02
1.720399398599158189e+02
1.735219920416349169e+02
1.749520540359713721e+02
1.763325463553760812e+02
1.776658602914226321e+02
1.789543407553930194e+02
1.802002732299280012e+02
1.814058741872374299e+02
1.825732843947610888e+02
1.837045645974029355e+02
1.848016931327313443e+02
1.858665650988314439e+02
1.869009927525776504e+02
1.879067068681834769e+02
1.888853588315805041e+02
1.898385232859990026e+02
1.907677011782189993e+02
1.916743230839413741e+02
1.925597527150803501e+02
1.934252905322900915e+02
1.942721774028714776e+02
1.951015982583029427e+02
1.959146857170629801e+02
1.967125236478235308e+02
1.974961506557679627e+02
1.982665634809233381e+02
1.990247203024266298e+02
1.997715439466609553e+02
2.005079250004122571e+02
2.012347248328245257e+02
2.019527785319950510e+02
2.026628977637714115e+02
-1.566341264383074758e+02
-1.559375209418103623e+02
-1.552465278318072421e+02
-1.545604017628660927e+02
-1.538784073337563143e+02
-1.531998164711835670e+02
-1.525239058080345274e+02
-1.518499540407015900e+02
-1.511772392491081973e+02
-1.505050361619809678e+02
-1.498326133486598621e+02
-1.491592303174144263e+02
-1.484841344986111835e+02
-1.478065580892812534e+02
-1.471257147336000344e+02
-1.464407960114202467e+02
-1.457509677043032639e+02
-1.450553658054758444e+02
-1.443530922366298057e+02
-1.436432102305855665e+02
-1.429247393343819681e+02
-1.421966499823737422e+02
-1.414578575833101866e+02
-1.407072160590943497e+02
-1.399435107660159758e+02
-1.391654507215478418e+02
-1.383716600514536879e+02
-1.375606685628873436e+02
-1.367309013395375530e+02
-1.358806672448190227e+02
-1.350081462089988236e+02
-1.341113751663022811e+02
-1.331882324993585769e+02
-1.322364208417904763e+02
-1.312534480867605282e+02
-1.302366064523536693e+02
-1.291829494665816185e+02
-1.280892667600710695e+02
-1.269520565991237220e+02
-1.257674961636454327e+02
-1.245314096840315585e+02
-1.232392347103116492e+02
-1.218859870049793699e+02
-1.204662248069033978e+02
-1.189740132917449102e+02
-1.174028880101110985e+02
-1.157457740374640025e+02
-1.139956676176638553e+02
-1.121434654457140994e+02
-1.101810819598004514e+02
-1.080992810491905800e+02
-1.058885136797035500e+02
-1.035390219565560415e+02
-1.010410774975841832e+02
-9.838532448201783609e+01
-9.556324253693003357e+01
-9.256774322587330062e+01
-8.939390334130121119e+01
-8.603981875181005989e+01
-8.250753326029069967e+01
-7.880395911805214837e+01
-7.494166521925842517e+01
-7.093937693012105683e+01
-6.682202398748313499e+01
-6.262020573362462983e+01
-5.836902323236023449e+01
-5.410634527532641869e+01
-4.987069990001253927e+01
-4.569907382608795388e+01
-4.162492545687575785e+01
-3.767666373311692496e+01
-3.387673571110838111e+01
-3.024133936049349813e+01
-2.678067310025528514e+01
-2.349957242152169101e+01
-2.039836901626620147e+01
-1.747382736577981177e+01
-1.472005100530014943e+01
-1.212929120850765230e+01
-9.692625611625942383e+00
-7.400499634501386481e+00
-5.243139431243207582e+00
-3.210853322187062986e+00
-1.294241526776545470e+00
5.156663971237536170e-01
2.227329134481343953e+00
3.848651752020173955e+00
5.386972799649125676e+00
6.849071382112573936e+00
8.241187414433664316e+00
9.569050060454658890e+00
1.083791075238374368e+01
1.205257825733614929e+01
1.321745405584500688e+01
1.433656688429826431e+01
1.541360571741534180e+01
1.645195076832402492e+01
1.745470229393158945e+01
1.842470713686064698e+01
1.936458303039322715e+01
2.027674075358061856e+01
2.116340426009047704e+01
2.202662892387444771e+01
2.286831805271935281e+01
2.369023782112692089e+01
2.449403076932847512e+01
2.528122800773182277e+01
2.605326025679967117e+01
2.681146784236668523e+01
2.755710975631942006e+01
2.829137188255929658e+01
2.901537447885536025e+01
2.973017899635436834e+01
3.043679431044134986e+01
3.113618242929276647e+01
3.182926373978254020e+01
3.251692184440866384e+01
3.320000803759894126e+01
3.387934546492791554e+01
3.455573300459915487e+01
