3.545727613865937400e+01
3.613115555408812440e+01
3.680492817286940266e+01
3.747932646637011800e+01
3.815507781596429737e+01
3.883290730741818209e+01
3.951354046287602273e+01
4.019770592868764680e+01
4.088613813630867355e+01
4.157957995249185501e+01
4.227878533418332552e+01
4.298452200271835011e+01
4.369757415120574962e+01
4.441874519821577394e+01
4.514886060016208091e+01
4.588877073392265515e+01
4.663935386028514785e+01
4.740151917769035350e+01
4.817620997435060559e+01
4.896440688514941542e+01
4.976713125755447464e+01
5.058544862813600673e+01
5.142047230790477386e+01
5.227336707043214403e+01
5.314535293145950590e+01
5.403770900208714068e+01
5.495177738943118584e+01
5.588896710851810212e+01
5.685075795673241572e+01
5.783870428687394849e+01
5.885443859638408526e+01
5.989967482787073294e+01
6.097621124915179536e+01
6.208593274905273773e+01
6.323081234723946409e+01
6.441291167217465841e+01
6.563438011009111506e+01
6.689745226959011859e+01
6.820444334128868036e+01
6.955774186059160513e+01
7.095979930604191566e+01
7.241311588870989624e+01
7.392022181464315622e+01
7.548365323975234276e+01
7.710592209424720522e+01
7.878947894591513545e+01
8.053666811456362495e+01
8.234967436536757646e+01
8.423046072045720223e+01
8.618069726151614418e+01
8.820168127610619990e+01
9.029424974450287777e+01
9.245868597830026658e+01
9.469462319122246186e+01
9.700094886136632510e+01
9.937571484900483654e+01
1.018160592400165427e+02
1.043181466264601056e+02
1.068771338233960790e+02
1.094871676672372587e+02
1.121414203993768837e+02
1.148321661525699824e+02
1.175508992978769385e+02
1.202884921022203457e+02
1.230353856587840937e+02
1.257818048483161988e+02
1.285179856448068847e+02
1.312344017830308474e+02
1.339219778733090607e+02
1.365722774684002445e+02
1.391776571247222876e+02
1.417313807533250838e+02
1.442276920453617493e+02
1.466618460258412995e+02
1.490301034814074796e+02
1.513296939133341823e+02
1.535587537278057368e+02
1.557162466600252060e+02
1.578018730886639958e+02
1.598159741218575221e+02
1.617594353140763701e+02
1.636335937658442674e+02
1.654401512871200737e+02
1.671810953495526917e+02
1.688586287546477251e+02
1.704751083170297363e+02
1.720329923973244206e+02
1.735347967986210733e+02
1.749830583391826337e+02
1.763803053069156306e+02
1.777290339635501937e+02
1.790316902786213120e+02
1.802906561179027563e+02
1.815082391751058708e+02
1.826866660097157933e+02
1.838280776308140787e+02
1.849345271421485677e+02
1.860079790344155128e+02
1.870503097753718293e+02
1.880633094059067787e+02
1.890486839006988191e+02
1.900080580957778125e+02
1.909429790224820351e+02
1.918549195188837757e+02
1.927452820161818750e+02
1.936154024195656689e+02
1.944665540211936445e+02
1.952999513979756046e+02
1.961167542589490438e+02
1.969180712170620211e+02
1.977049634681365546e+02
1.984784483662644448e+02
1.992395028901022727e+02
1.999890669986143621e+02
2.007280468781414129e+02
2.014573180852858343e+02
2.021777285921740202e+02
-1.571098982576457672e+02
-1.564047608730939771e+02
-1.557060766085301111e+02
-1.550130790141730870e+02
-1.543250151315120604e+02
-1.536411428204701508e+02
-1.529607281044016247e+02
-1.522830425181972487e+02
-1.516073604440235840e+02
-1.509329564183539105e+02
-1.502591023929647065e+02
-1.495850649314999430e+02
-1.489101023219654962e+02
-1.482334615840487970e+02
-1.475543753485858076e+02
-1.468720585845777862e+02
-1.461857051470289548e+02
-1.454944841164611660e+02
-1.447975358981677516e+02
-1.440939680461133889e+02
-1.433828507728663908e+02
-1.426632121029052769e+02
-1.419340326221813200e+02
-1.411942397717813833e+02
-1.404427016279780958e+02
-1.396782201047992658e+02
-1.388995235084970545e+02
-1.381052583660429889e+02
-1.372939804419287668e+02
-1.364641448493948701e+02
-1.356140951538061472e+02
-1.347420513576362850e+02
-1.338460966488450481e+02
-1.329241627881191903e+02
-1.319740140063783826e+02
-1.309932292837943919e+02
-1.299791828873109694e+02
-1.289290230580945433e+02
-1.278396487678044480e+02
-1.267076845081892884e+02
-1.255294531498647075e+02
-1.243009470129512408e+02
-1.230177974465829607e+02
-1.216752434301859580e+02
-1.202680999957393908e+02
-1.187907276023337033e+02
-1.172370037786877504e+02
-1.156002990208718870e+02
-1.138740701848301740e+02
-1.120491702288757949e+02
-1.101186827809656563e+02
-1.080737797014466537e+02
-1.059055185355612423e+02
-1.036047940158424012e+02
-1.011625353638640945e+02
-9.857000987533001535e+01
-9.581923217174795582e+01
-9.290348962963690838e+01
-8.981798703523867289e+01
-8.656059798318676712e+01
-8.313268689082576657e+01
-7.953993467147955698e+01
-7.579306721453565387e+01
-7.190835730530341152e+01
-6.790775982296719349e+01
-6.381856002196894906e+01
-5.967247306265858242e+01
-5.550422499992060921e+01
-5.134975074862256861e+01
-4.724423154194187191e+01
-4.322023290713184451e+01
-3.930617993212297279e+01
-3.552532863232670479e+01
-3.189528818004396271e+01
-2.842805121941870539e+01
-2.513042223822628785e+01
-2.200470533320111599e+01
-1.904951737675116874e+01
-1.626061816386322789e+01
-1.363168268334078448e+01
-1.115497273798325750e+01
-8.821890691170438004e+00
-6.623415717722934914e+00
-4.550433350730941129e+00
-2.593974039468719184e+00
-7.453776707800443546e-01
1.003599931593779138e+00
2.660724533231734412e+00
4.233253429944550561e+00
5.727928532990103072e+00
7.150985415443954274e+00
8.508172891308817043e+00
9.804779115969296299e+00
1.104566130730573370e+01
1.223527703729408778e+01
1.337771568289038804e+01
1.447672909701626054e+01
1.553576090357897854e+01
1.655797406596003185e+01
1.754627655104717832e+01
1.850334502958739691e+01
1.943164663333220687e+01
2.033345884080162236e+01
2.121088759480672081e+01
2.206588377212753116e+01
2.290025813329209114e+01
2.371569488140190529e+01
2.451376395574268585e+01
2.529593217996615095e+01
2.606357337727067502e+01
2.681797755678589823e+01
2.756035926698854155e+01
2.829186520377687231e+01
2.901358115283095174e+01
2.972653833855586925e+01
3.043171924498552627e+01
3.113006296774669934e+01
3.182247015049678041e+01
3.250980755408406964e+01
3.319291230206266619e+01
3.387259584211965091e+01
3.454964765925338099e+01
3.522483877335228897e+01
