3.927321846435764741e+01
3.991840288121486680e+01
4.056415965088005748e+01
4.121116897683498337e+01
4.186010162546260460e+01
4.251162162931387911e+01
4.316638885667980219e+01
4.382506146819440573e+01
4.448829827899558609e+01
4.515676104288866810e+01
4.583111667317950122e+01
4.651203941312972745e+01
4.720021296745515826e+01
4.789633260474712984e+01
4.860110723926302967e+01
4.931526149903344702e+01
5.003953778569298549e+01
5.077469832982347242e+01
5.152152724380101034e+01
5.228083257219895330e+01
5.305344833752946698e+01
5.384023657660245732e+01
5.464208935983837279e+01
5.545993078245187746e+01
5.629471891250563687e+01
5.714744767621140653e+01
5.801914865548473443e+01
5.891089276652528639e+01
5.982379178095320071e+01
6.075899964263521724e+01
6.171771352372750385e+01
6.270117455240951898e+01
6.371066813223849579e+01
6.474752375899696233e+01
6.581311422507184261e+01
6.690885408412862034e+01
6.803619723000052488e+01
6.919663342367631742e+01
7.039168358151717086e+01
7.162289361697008871e+01
7.289182660821914794e+01
7.420005304668487156e+01
7.554913890801279308e+01
7.694063128070747837e+01
7.837604129055117141e+01
7.985682407566662278e+01
8.138435560117839884e+01
8.295990615921905942e+01
8.458461048429597895e+01
8.625943453065285382e+01
8.798513911169111168e+01
8.976224079371135645e+01
9.159097066763158068e+01
9.347123188847642439e+01
9.540255716413759046e+01
9.738406767631917660e+01
9.941443520536120104e+01
1.014918494764360730e+02
1.036139929124548900e+02
1.057780250308039456e+02
1.079805786198713804e+02
1.102177695490491232e+02
1.124852215875736761e+02
1.147781069398176044e+02
1.170912023784438389e+02
1.194189599295777668e+02
1.217555901153904472e+02
1.240951548823214807e+02
1.264316666330083621e+02
1.287591893178817202e+02
1.310719373840202877e+02
1.333643685437409658e+02
1.356312667927103632e+02
1.378678128221016550e+02
1.400696398486059877e+02
1.422328738353834581e+02
1.443541580030481271e+02
1.464306623532386311e+02
1.484600795916176708e+02
1.504406093113794327e+02
1.523709325770470855e+02
1.542501791459406491e+02
1.560778895103539412e+02
1.578539737737180815e+02
1.595786691269251492e+02
1.612524974018404009e+02
1.628762238775141498e+02
1.644508182233438447e+02
1.659774181977724652e+02
1.674572964907537198e+02
1.688918309064418395e+02
1.702824779301861327e+02
1.716307496078440522e+02
1.729381935817516478e+02
1.742063760714922296e+02
1.754368675537247384e+02
1.766312308791629277e+02
1.777910115617943063e+02
1.789177299822657403e+02
1.800128752606361786e+02
1.810779005712786045e+02
1.821142196926820986e+02
1.831232046056373974e+02
1.841061839741253436e+02
1.850644423632216728e+02
1.859992200671283058e+02
1.869117134377001435e+02
1.878030756196590403e+02
1.886744176126509274e+02
1.895268095929078811e+02
1.903612824382054498e+02
1.911788294094378955e+02
1.919804079505223910e+02
1.927669415755121065e+02
1.935393218180579993e+02
1.942984102237030015e+02
1.950450403700681363e+02
1.957800199039596407e+02
1.965041325877849090e+02
1.972181403506084791e+02
1.979227853416998357e+02
1.986187919866526101e+02
1.993068690481425165e+02
1.999877116951149105e+02
2.006620035858856852e+02
2.013304189721320654e+02
2.019936248322418635e+02
2.026522830439790823e+02
-1.566929473920911846e+02
-1.560414080654092857e+02
-1.553924387897297095e+02
-1.547453751424275765e+02
-1.540995458902245616e+02
-1.534542702804895100e+02
-1.528088551747201791e+02
-1.521625919978644106e+02
-1.515147534737712931e+02
-1.508645901132311451e+02
-1.502113264165616897e+02
-1.495541567475586646e+02
-1.488922408296084825e+02
-1.482246988077948515e+02
-1.475506058126939308e+02
-1.468689859520468417e+02
-1.461788056454464595e+02
-1.454789662041617930e+02
-1.447682955430627203e+02
-1.440455388937836290e+02
-1.433093483673893900e+02
-1.425582711902991093e+02
-1.417907364085226334e+02
-1.410050398215297491e+02
-1.401993268676607158e+02
-1.393715731369197783e+02
-1.385195621332416067e+02
-1.376408598461680128e+02
-1.367327856201601435e+02
-1.357923787280412853e+02
-1.348163599632358682e+02
-1.338010874643334205e+02
-1.327425058780739562e+02
-1.316360878591623020e+02
-1.304767668102302309e+02
-1.292588597067023954e+02
-1.279759788723208658e+02
-1.266209317167644031e+02
-1.251856076213621805e+02
-1.236608508659178653e+02
-1.220363183758441039e+02
-1.203003262824774993e+02
-1.184396962732654970e+02
-1.164396087981999983e+02
-1.142834745128715781e+02
-1.119528531097797952e+02
-1.094274641815431721e+02
-1.066853533203444613e+02
-1.037033027183427976e+02
-1.004576058100930709e+02
-9.692535236970695678e+01
-9.308637849206604642e+01
-8.892599764331492906e+01
-8.443850557235441556e+01
-7.963120575614539121e+01
-7.452833150007268159e+01
-6.917383436580439593e+01
-6.363178250419542792e+01
-5.798335338791559934e+01
-5.232026501815215624e+01
-4.673573649920643902e+01
-4.131508046472299611e+01
-3.612818922274760780e+01
-3.122538000034245442e+01
-2.663681355430605890e+01
-2.237467354326889790e+01
-1.843686286468056323e+01
-1.481108358042303053e+01
-1.147854628138270527e+01
-8.416951696893534063e+00
-5.602675097918222491e+00
-3.012242383302634607e+00
-6.232469733984089544e-01
1.585140509570967859e+00
3.631940862411016546e+00
5.534314422943479528e+00
7.307617876414806979e+00
8.965521474337924346e+00
1.052015514324542700e+01
1.198226375726121340e+01
1.336135983522678217e+01
1.466586715764810478e+01
1.590325212577939418e+01
1.708014173009771497e+01
1.820242819995790740e+01
1.927536107220342032e+01
2.030362774539270276e+01
2.129142371016623869e+01
2.224251365016010951e+01
2.316028454530524527e+01
2.404779181403434407e+01
2.490779942273083947e+01
2.574281478162391679e+01
2.655511914272857510e+01
2.734679412057422709e+01
2.811974487160711433e+01
2.887572039350722619e+01
2.961633134056585348e+01
3.034306569512193974e+01
3.105730258667953336e+01
3.176032450893629644e+01
3.245332814963266799e+01
3.313743401784863352e+01
3.381369502772215441e+01
3.448310417557048879e+01
3.514660142869484361e+01
3.580507992820945873e+01
3.645939159459162227e+01
3.711035221300336673e+01
3.775874606551550272e+01
3.840533016877343897e+01
3.905083816837328925e+01
