2.937495181287334844e+01
3.007402943327236144e+01
3.076813410621472045e+01
3.145808398029651087e+01
3.214467697133418511e+01
3.282869410049669057e+01
3.351090269236321006e+01
3.419205945608029396e+01
3.487291347159405319e+01
3.555420910178067118e+01
3.623668885042466314e+01
3.692109618518751546e+01
3.760817834412177518e+01
3.829868914375167321e+01
3.899339180640572522e+01
3.969306182420015716e+01
4.039848987688621662e+01
4.111048482067516829e+01
4.182987676506746766e+01
4.255752025470022204e+01
4.329429757312221483e+01
4.404112218533158796e+01
4.479894233568065687e+01
4.556874481734411120e+01
4.635155892894926666e+01
4.714846063297082424e+01
4.796057692903849556e+01
4.878909045323928950e+01
4.963524431160159622e+01
5.050034715197094215e+01
5.138577847319722025e+01
5.229299416347530638e+01
5.322353225042848379e+01
5.417901883359309778e+01
5.516117415447482841e+01
5.617181873977877871e+01
5.721287952854984837e+01
5.828639586277889606e+01
5.939452518221728639e+01
6.053954821612715875e+01
6.172387340594733729e+01
6.295004022148690126e+01
6.422072094762079075e+01
6.553872041708203255e+01
6.690697304641253140e+01
6.832853639681098912e+01
6.980658033019132347e+01
7.134437066740250089e+01
7.294524608713304303e+01
7.461258684250604745e+01
7.634977373666603739e+01
7.816013571515145486e+01
8.004688443912971252e+01
8.201303434737035047e+01
8.406130705507220569e+01
8.619401954060414539e+01
8.841295650439951714e+01
9.071922860220180951e+01
9.311311998206798535e+01
9.559393065878259677e+01
9.815982162244073095e+01
1.008076729720325346e+02
1.035329674378137952e+02
1.063297129503436338e+02
1.091904179208948875e+02
1.121061311631458324e+02
1.150665546476964067e+02
1.180602316121770627e+02
1.210748054560299067e+02
1.240973372596318569e+02
1.271146628981370270e+02
1.301137658115378315e+02
1.330821394946141822e+02
1.360081150857909336e+02
1.388811337967037218e+02
1.416919504806471934e+02
1.444327621825398751e+02
1.470972628002417366e+02
1.496806310111236371e+02
1.521794627799841635e+02
1.545916619065458804e+02
1.569163023951927869e+02
1.591534753630592434e+02
1.613041312519616497e+02
1.633699257498221300e+02
1.653530754345034097e+02
1.672562269815048523e+02
1.690823419657553757e+02
1.708345978843251203e+02
1.725163050173137833e+02
1.741308380771600355e+02
1.756815812071618836e+02
1.771718847101740835e+02
1.786050318577845246e+02
1.799842141983145325e+02
1.813125139093516225e+02
1.825928918984534164e+02
1.838281805237245692e+02
1.850210799712839673e+02
1.861741574807808206e+02
1.872898487491135029e+02
1.883704609645722030e+02
1.894181770284513391e+02
1.904350606100765049e+02
1.914230617553648983e+02
1.923840228303162689e+02
1.933196846308793226e+02
1.942316925313709532e+02
1.951216025761648609e+02
1.959908874455383057e+02
1.968409422471330572e+02
1.976730901007267960e+02
1.984885874966896608e+02
1.992886294182127642e+02
2.000743542249027200e+02
2.008468483009817760e+02
2.016071504755338992e+02
2.023562562253640635e+02
-1.569048783267613203e+02
-1.561753326041365995e+02
-1.554542179429940347e+02
-1.547406741181266909e+02
-1.540338660106948510e+02
-1.533329804014599915e+02
-1.526372228724950730e+02
-1.519458148003924407e+02
-1.512579904239390771e+02
-1.505729939691477739e+02
-1.498900768144496851e+02
-1.492084946786948478e+02
-1.485275048143134029e+02
-1.478463631877012006e+02
-1.471643216283781328e+02
-1.464806249278769599e+02
-1.457945078686060469e+02
-1.451051921620206713e+02
-1.444118832743669429e+02
-1.437137671170725355e+02
-1.430100065774008442e+02
-1.422997378634188124e+02
-1.415820666355079993e+02
-1.408560638946746906e+02
-1.401207615957247015e+02
-1.393751479509947728e+02
-1.386181623878547668e+02
-1.378486901205240258e+02
-1.370655562940916070e+02
-1.362675196559584094e+02
-1.354532657074343831e+02
-1.346213992860566293e+02
-1.337704365276657086e+02
-1.328987961565847229e+02
-1.320047900530337870e+02
-1.310866130497041695e+02
-1.301423319149529050e+02
-1.291698734897454699e+02
-1.281670119604104912e+02
-1.271313552715820947e+02
-1.260603307159063604e+02
-1.249511697822506449e+02
-1.238008924066683676e+02
-1.226062908553675754e+02
-1.213639135835948082e+02
-1.200700495673190176e+02
-1.187207138088228930e+02
-1.173116349911655618e+02
-1.158382466299422333e+02
-1.142956835608457027e+02
-1.126787858554146737e+02
-1.109821097879852516e+02
-1.091999427302844197e+02
-1.073263536037889594e+02
-1.053552863329946092e+02
-1.032806390797723566e+02
-1.010963847885420250e+02
-9.879674763133402848e+01
-9.637642569514463275e+01
-9.383086422967079443e+01
-9.115658180830814672e+01
-8.835154548145203535e+01
-8.541558292775465588e+01
-8.235080947068450996e+01
-7.916203624281956763e+01
-7.585711446565090910e+01
-7.244716256615504335e+01
-6.894662119899749086e+01
-6.537308955249403652e+01
-6.174691641586008473e+01
-5.809055020592541041e+01
-5.442768856596683236e+01
-5.078230223284560907e+01
-4.717763078688295764e+01
-4.363525317515802726e+01
-4.017432198792511144e+01
-3.681102140030122882e+01
-3.355827241979204700e+01
-3.042567443558885998e+01
-2.741964584251252290e+01
-2.454371189430094091e+01
-2.179888456350226988e+01
-1.918408432238908290e+01
-1.669656382304259523e+01
-1.433230517448873798e+01
-1.208637355510563793e+01
-9.953218967882889956e+00
-7.926924609895763751e+00
-6.001404706635412367e+00
-4.170557160714054135e+00
-2.428377470868895216e+00
-7.690405451711512796e-01
8.130433693105528770e-01
2.323193118057945927e+00
3.766436724164138994e+00
5.147503234199451327e+00
6.470823183336473328e+00
7.740535195555576564e+00
8.960496789585988608e+00
1.013429791682849590e+01
1.126527612417449298e+01
1.235653252444842032e+01
1.341094798308700042e+01
1.443119910346619683e+01
1.541977372536624458e+01
1.637898575023381298e+01
1.731098918050426150e+01
1.821779131396630191e+01
1.910126507291279552e+01
1.996316047500245006e+01
2.080511527142835604e+01
2.162866479033928613e+01
2.243525103094064832e+01
2.322623105799308618e+01
2.400288474811903328e+01
2.476642193938502245e+01
2.551798903453539680e+01
2.625867510635783120e+01
2.698951755131799501e+01
2.771150733506227937e+01
2.842559387063663934e+01
2.913268956765420015e+01
