3.368274054687414321e+01
3.436132086358211524e+01
3.503833812805854109e+01
3.571454460029171685e+01
3.639068280657127019e+01
3.706748848832269516e+01
3.774569346329382569e+01
3.842602841924441748e+01
3.910922565917706351e+01
3.979602181606827571e+01
4.048716055422325866e+01
4.118339527357081664e+01
4.188549183256980513e+01
4.259423130474003472e+01
4.331041278328289224e+01
4.403485624766296525e+01
4.476840550539953512e+01
4.551193122164175264e+01
4.626633404825923179e+01
4.703254786320479042e+01
4.781154312959098718e+01
4.860433038233421854e+01
4.941196384812565867e+01
5.023554520178548444e+01
5.107622745866323299e+01
5.193521899835675981e+01
5.281378770946342627e+01
5.371326523807986320e+01
5.463505131397074877e+01
5.558061811732420665e+01
5.655151463541476886e+01
5.754937094164659328e+01
5.857590230881177007e+01
5.963291304331634279e+01
6.072229989662072569e+01
6.184605487368367704e+01
6.300626721469285485e+01
6.420512427511397391e+01
6.544491096944479125e+01
6.672800737552637429e+01
6.805688401904585305e+01
6.943409427263307521e+01
7.086226321273275630e+01
7.234407218387197247e+01
7.388223822939606578e+01
7.547948746946450171e+01
7.713852145267242122e+01
7.886197549429196840e+01
8.065236806308161022e+01
8.251204041635284625e+01
8.444308594054653838e+01
8.644726906410045331e+01
8.852593420239367106e+01
9.067990599325774781e+01
9.290938309157564845e+01
9.521382898974036380e+01
9.759186465434227387e+01
1.000411691034813941e+02
1.025583952244646468e+02
1.051391089300420703e+02
1.077777599272981348e+02
1.104676916967081297e+02
1.132011965882798847e+02
1.159696192086323663e+02
1.187635076500889539e+02
1.215728079542025881e+02
1.243870930314644880e+02
1.271958136867162494e+02
1.299885570018183216e+02
1.327552965112265895e+02
1.354866195155061064e+02
1.381739193536799064e+02
1.408095440759255155e+02
1.433868971440543589e+02
1.459004899286194359e+02
1.483459493525727169e+02
1.507199867092657257e+02
1.530203353149337602e+02
1.552456652804877422e+02
1.573954834705348844e+02
1.594700258923547267e+02
1.614701485680522239e+02
1.633972216056076263e+02
1.652530298656031675e+02
1.670396824311741852e+02
1.687595320900665286e+02
1.704151052506705355e+02
1.720090421318477354e+02
1.735440466657568095e+02
1.750228453031258766e+02
1.764481537780597478e+02
1.778226508447467893e+02
1.791489580145814955e+02
1.804296243782171700e+02
1.816671156765012540e+02
1.828638068749622221e+02
1.840219775902267543e+02
1.851438098076064875e+02
1.862313874139948382e+02
1.872866971469223074e+02
1.883116306286474071e+02
1.893079872134191248e+02
1.902774774267369082e+02
1.912217268185756041e+02
1.921422800887016535e+02
1.930406053723210960e+02
1.939180985991166040e+02
1.947760878592363554e+02
1.956158377263117814e+02
1.964385535011532511e+02
1.972453853505543862e+02
1.980374323243435697e+02
1.988157462407765479e+02
1.995813354357890717e+02
2.003351683759822777e+02
2.010781771385891830e+02
2.018112607642983960e+02
2.025352884908954536e+02
-1.567488971227425907e+02
-1.560404771714877654e+02
-1.553386534658418725e+02
-1.546426456682463026e+02
-1.539516884905011977e+02
-1.532650289384148152e+02
-1.525819235891608798e+02
-1.519016358862770630e+02
-1.512234334366105486e+02
-1.505465852928100787e+02
-1.498703592042062382e+02
-1.491940188180369660e+02
-1.485168208119040116e+02
-1.478380119372184254e+02
-1.471568259519713990e+02
-1.464724804195935803e+02
-1.457841733488762372e+02
-1.450910796478405018e+02
-1.443923473620731670e+02
-1.436870936654206616e+02
-1.429744005678865904e+02
-1.422533103022430794e+02
-1.415228203470870199e+02
-1.407818780399196896e+02
-1.400293747292338367e+02
-1.392641394095590783e+02
-1.384849317780388560e+02
-1.376904346452830055e+02
-1.368792456272114180e+02
-1.360498680383804526e+02
-1.352007009011621790e+02
-1.343300279794055427e+02
-1.334360057404002191e+02
-1.325166501456251069e+02
-1.315698221700556019e+02
-1.305932119529788338e+02
-1.295843214921092681e+02
-1.285404458101760667e+02
-1.274586525522395846e+02
-1.263357600177193092e+02
-1.251683136998419457e+02
-1.239525615051802845e+02
-1.226844279685973902e+02
-1.213594879791552614e+02
-1.199729408140837847e+02
-1.185195856951063149e+02
-1.169938009045132787e+02
-1.153895322297339305e+02
-1.137003319009299958e+02
-1.119192472192248147e+02
-1.100386814800265824e+02
-1.080511333155698139e+02
-1.059485755641494507e+02
-1.037228351053446431e+02
-1.013657775269858234e+02
-9.886955742425061544e+01
-9.622695530507655803e+01
-9.343180803574693982e+01
-9.047953546348219334e+01
-8.736775508062976314e+01
-8.409695975624055109e+01
-8.067121125294471540e+01
-7.709877691733794336e+01
-7.339261384291052082e+01
-6.957059205544913993e+01
-6.565535521434281918e+01
-6.167375104572334976e+01
-5.765582440094101457e+01
-5.363344332008904303e+01
-4.963870307224061662e+01
-4.570230189050624858e+01
-4.185208851565192845e+01
-3.811194346580282399e+01
-3.450108628994127002e+01
-3.103382210968840127e+01
-2.771967395423376956e+01
-2.456380584565215486e+01
-2.156762775490670947e+01
-1.872948178027030508e+01
-1.604533004596453338e+01
-1.350939019632784266e+01
-1.111468788387833229e+01
-8.853514203767360868e+00
-6.717788829196251754e+00
-4.699337260002494077e+00
-2.790094305574712052e+00
-9.822469421836785841e-01
7.316709218948708182e-01
2.358720687955538242e+00
3.905528996323848201e+00
5.378277796250708676e+00
6.782708618826013058e+00
8.124136493434786388e+00
9.407470080108543797e+00
1.063723549241177224e+01
1.181760198826302499e+01
1.295240824305339089e+01
1.404518832312379928e+01
1.509919677671293137e+01
1.611743247758257525e+01
1.710266101342060807e+01
1.805743552181903766e+01
1.898411595317005762e+01
1.988488679130112402e+01
2.076177329592746901e+01
2.161665635117892492e+01
2.245128601546790392e+01
2.326729387245112690e+01
2.406620428309792459e+01
2.484944463613146226e+01
2.561835468963090179e+01
2.637419509110119975e+01
2.711815515716473612e+01
2.785135998791226086e+01
2.857487698477975258e+01
2.928972183495728743e+01
2.999686401982852857e+01
3.069723189979168865e+01
3.139171742309963165e+01
3.208118050211430017e+01
3.276645309644081294e+01
3.344834303897842176e+01
