-1.489798601759080725e+02
-1.479923607778099779e+02
-1.472181694672208039e+02
-1.465661718131913744e+02
-1.459904895213804821e+02
-1.454654884653103863e+02
-1.449757042085553280e+02
-1.445112381441682032e+02
-1.440654464922965303e+02
-1.436336921357084009e+02
-1.432126296482143175e+02
-1.427997754455005861e+02
-1.423932386622219610e+02
-1.419915467421581923e+02
-1.415935289949193532e+02
-1.411982368093039781e+02
-1.408048877190194332e+02
-1.404128253843983316e+02
-1.400214904341412421e+02
-1.396303988665160318e+02
-1.392391258076620204e+02
-1.388472931282183254e+02
-1.384545598798808612e+02
-1.380606148206366868e+02
-1.376651705060073425e+02
-1.372679585675636531e+02
-1.368687259007766386e+02
-1.364672315558452453e+02
-1.360632441766286718e+02
-1.356565398702393281e+02
-1.352469004174262182e+02
-1.348341117543351686e+02
-1.344179626716058920e+02
-1.339982436883956325e+02
-1.335747460678031757e+02
-1.331472609470091868e+02
-1.327155785607471614e+02
-1.322794875408861230e+02
-1.318387742781517034e+02
-1.313932223346225783e+02
-1.309426118977029319e+02
-1.304867192679503489e+02
-1.300253163744733627e+02
-1.295581703127564310e+02
-1.290850429006624154e+02
-1.286056902491531559e+02
-1.281198623449083982e+02
-1.276273026426068782e+02
-1.271277476651127643e+02
-1.266209266102668778e+02
-1.261065609633859310e+02
-1.255843641149608061e+02
-1.250540409834023308e+02
-1.245152876430694846e+02
-1.239677909581500330e+02
-1.234112282233712108e+02
-1.228452668128886103e+02
-1.222695638391334398e+02
-1.216837658238274571e+02
-1.210875083838890589e+02
-1.204804159354435455e+02
-1.198621014197468639e+02
-1.192321660554536322e+02
-1.185901991223543632e+02
-1.179357777824407378e+02
-1.172684669450026718e+02
-1.165878191833575670e+02
-1.158933747117589519e+02
-1.151846614321383981e+02
-1.144611950614344948e+02
-1.137224793515113390e+02
-1.129680064149461032e+02
-1.121972571713730247e+02
-1.114097019304604999e+02
-1.106048011291182149e+02
-1.097820062420106240e+02
-1.089407608859364700e+02
-1.080805021401315855e+02
-1.072006621058512792e+02
-1.063006697298310712e+02
-1.053799529171796792e+02
-1.044379409599525843e+02
-1.034740673078226223e+02
-1.024877727070411879e+02
-1.014785087328322675e+02
-1.004457417385634130e+02
-9.938895724219798922e+01
-9.830766476647875152e+01
-9.720140314392773462e+01
-9.606974629069890170e+01
-9.491230944466616393e+01
-9.372875585241922636e+01
-9.251880387730562916e+01
-9.128223448588960309e+01
-9.001889905354954635e+01
-8.872872741139684649e+01
-8.741173603654328872e+01
-8.606803626649110583e+01
-8.469784239670769921e+01
-8.330147949897809667e+01
-8.187939077803810051e+01
-8.043214426646864013e+01
-7.896043864409881508e+01
-7.746510795980077546e+01
-7.594712503191351516e+01
-7.440760330992458194e+01
-7.284779699572840173e+01
-7.126909924833012155e+01
-6.967303833179386174e+01
-6.806127161204437925e+01
-6.643557736303210959e+01
-6.479784440485684627e+01
-6.315005966346478772e+01
-6.149429381050310894e+01
-5.983268520926492329e+01
-5.816742245489473362e+01
-5.650072585059251651e+01
-5.483482820308290684e+01
-5.317195534773009058e+01
-5.151430682452206611e+01
-4.986403712009712308e+01
-4.822323786834886050e+01
-4.659392136453709554e+01
-4.497800569730014786e+01
-4.337730174295825236e+01
-4.179350220011741612e+01
-4.022817277378743483e+01
-3.868274555029006478e+01
-3.715851454048845426e+01
-3.565663331172993367e+01
-3.417811458030791982e+01
-3.272383159753417203e+01
-3.129452113395444712e+01
-2.989078784781690956e+01
-2.851310981498232877e+01
-2.716184499693423504e+01
-2.583723843017355648e+01
-2.453942993258334582e+01
-2.326846213899261784e+01
-2.202428869763349439e+01
-2.080678248034297440e+01
-1.961574368115077505e+01
-1.845090769932443209e+01
-1.731195272343580882e+01
-1.619850695210681124e+01
-1.511015540425739800e+01
-1.404644628698201814e+01
-1.300689690240744767e+01
-1.199099908602397591e+01
-1.099822417827738263e+01
-1.002802753865444174e+01
-9.079852617350695709e+00
-8.153134603972375771e+00
-7.247303675946511703e+00
-6.361787871355204516e+00
-5.496015612154735663e+00
-4.649417904197491680e+00
-3.821430240417669211e+00
-3.011494232941231530e+00
-2.219058999032085921e+00
-1.443582324613259971e+00
-6.845316277725714826e-01
5.861525672194312087e-02
7.863694524159116073e-01
1.499230557659156915e+00
2.197686287067838862e+00
2.882212222895586429e+00
3.553271662642386808e+00
4.211315550536971486e+00
4.856782481779708505e+00
5.490098769621514663e+00
6.111678566392007461e+00
6.721924030625909374e+00
7.321225533345529612e+00
7.909961897399099051e+00
8.488500664521264838e+00
9.057198385514309891e+00
9.616400929549264731e+00
1.016644380921738566e+01
1.070765251848360755e+01
1.124034288116716418e+01
1.176482140807827648e+01
1.228138566132259335e+01
1.279032462470230413e+01
1.329191907952349005e+01
1.378644198549165090e+01
1.427415886672478784e+01
1.475532820329949146e+01
1.523020182911216835e+01
1.569902533724210691e+01
1.616203849443290963e+01
1.661947566680010624e+01
1.707156625939986938e+01
1.751853517293546503e+01
1.796060328161459196e+01
1.839798793703128155e+01
1.883090350401460711e+01
1.925956193566635832e+01
1.968417339637173313e+01
2.010494694352888345e+01
2.052209128117591774e+01
2.093581560174490264e+01
2.134633053605432096e+01
2.175384923661539815e+01
2.215858862566737741e+01
2.256077084763047935e+01
2.296062497642877531e+01
2.335838904234831759e+01
2.375431246195661217e+01
2.414865897995035127e+01
2.454171026613058615e+01
2.493377035772545725e+01
2.532517120249758946e+01
2.571627964951881040e+01
2.610750636462418584e+01
2.649931733526339528e+01
2.689224890464360840e+01
2.728692768542869729e+01
2.768409732686466995e+01
2.808465507668215722e+01
2.848970261497072798e+01
2.890061813819941605e+01
2.931916086216213202e+01
2.974762636385508330e+01
3.018908419694003697e+01
3.064775357539846468e+01
3.112962079030604201e+01
3.164350163815734263e+01
3.220297409833145963e+01
3.283014406372193150e+01
3.356365192239206863e+01
3.447777308965522280e+01
3.573589437209484743e+01
3.778113365796348688e+01
4.237353015812485779e+01
6.912882677395785436e+01
1.946993365946871108e+02
2.057385832653297655e+02
2.089401927989466685e+02
2.105997124661192004e+02
