-5.513358313140639666e+01
-5.333142285674119876e+01
-5.153505173346167112e+01
-4.974716841492221420e+01
-4.797038726443724954e+01
-4.620721435135811817e+01
-4.446002600758242806e+01
-4.273105034845991668e+01
-4.102235204027925874e+01
-3.933582047083115185e+01
-3.767316135747728367e+01
-3.603589171465307572e+01
-3.442533800508175545e+01
-3.284263721946757641e+01
-3.128874056969664252e+01
-2.976441944097558689e+01
-2.827027322784806529e+01
-2.680673867548046019e+01
-2.537410035848932921e+01
-2.397250195194982325e+01
-2.260195797972318132e+01
-2.126236576143406865e+01
-1.995351731836836962e+01
-1.867511103817560070e+01
-1.742676293691903311e+01
-1.620801739330249802e+01
-1.501835726292802065e+01
-1.385721330972268106e+01
-1.272397291700576716e+01
-1.161798806186948241e+01
-1.053858255404873034e+01
-9.485058554267595810e+00
-8.456702397741253208e+00
-7.452789756347101502e+00
-6.472590178416567142e+00
-5.515371048515703478e+00
-4.580401011316894255e+00
-3.666952904131107971e+00
-2.774306242007583023e+00
-1.901749297950971140e+00
-1.048580818825712413e+00
-2.141114151672240951e-01
6.023353395261613619e-01
1.401422067131733229e+00
2.183796970827873274e+00
2.950093421291660079e+00
3.700929718576566607e+00
4.436909007629063595e+00
5.158619327885141104e+00
5.866633779677203897e+00
6.561510792344294352e+00
7.243794480936569968e+00
7.914015080280605297e+00
8.572689446862165497e+00
9.220321620616516611e+00
9.857403440156023322e+00
1.048441520637368640e+01
1.110182639063498833e+01
1.171009638501850247e+01
1.230967529320249199e+01
1.290100476177856592e+01
1.348451885287086505e+01
1.406064496008193920e+01
1.462980477094063581e+01
1.519241528026256205e+01
1.574888986010619440e+01
1.629963939342459511e+01
1.684507348009101690e+01
1.738560172568736206e+01
1.792163512546628823e+01
1.845358755816664598e+01
1.898187740703894022e+01
1.950692932853080919e+01
2.002917619280086114e+01
2.054906122457526152e+01
2.106704037812579244e+01
2.158358498645325341e+01
2.209918473236236380e+01
2.261435099841888885e+01
2.312962066408389461e+01
2.364556043224159509e+01
2.416277178448660834e+01
2.468189668587611152e+01
2.520362418638103463e+01
2.572869809963717813e+01
2.625792598164598246e+01
2.679218968547422364e+01
2.733245783624101222e+01
2.787980065842386068e+01
2.843540770124208805e+01
2.900060915624355928e+01
2.957690165649526648e+01
3.016597970574752452e+01
3.076977423267367939e+01
3.139050023371576970e+01
3.203071610741213959e+01
3.269339816507181240e+01
3.338203503329146571e+01
3.410074840193246359e+01
3.485444905832383000e+01
3.564904075730587607e+01
3.649168979200250362e+01
3.739118608527506638e+01
3.835843373365020881e+01
3.940712771794616742e+01
4.055470319719363204e+01
4.182369175619597712e+01
4.324369808989407460e+01
4.485434403164835260e+01
4.670975669495833671e+01
4.888558076723690249e+01
5.149020944754620643e+01
5.468318000616229568e+01
5.870572477504117614e+01
6.393096232955348057e+01
7.093965111587812089e+01
8.059722895449993985e+01
9.395776460785668860e+01
1.114492797925248482e+02
1.311781215614865914e+02
1.492478977098360247e+02
1.632962944884263550e+02
1.734896276640076564e+02
1.808653445245323894e+02
1.863364600065398236e+02
1.905262183804071014e+02
1.938359422898367370e+02
1.965244087383497344e+02
1.987620405873163349e+02
2.006641091540326727e+02
2.023107143732198665e+02
2.037589452433178678e+02
2.050504425971857358e+02
2.062162197996297834e+02
2.072798124222182423e+02
2.082593851628133450e+02
2.091691724942648989e+02
2.100204838584375295e+02
2.108224181578407297e+02
2.115823803177405296e+02
2.123064606080816077e+02
2.129997171936090581e+02
2.136663893818515021e+02
2.143100605260439977e+02
2.149337838677315915e+02
2.155401807624219828e+02
2.161315180905044997e+02
2.167097698139829447e+02
2.172766663383807497e+02
2.178337344083917344e+02
2.183823295923753562e+02
2.189236629181677927e+02
2.194588228587094534e+02
2.199887935944209687e+02
2.205144702749123553e+02
2.210366718474454615e+02
2.215561519008747666e+02
2.220736078822404806e+02
2.225896889721490481e+02
2.231050028494795754e+02
2.236201215322515452e+02
2.241355864468758341e+02
2.246519128504143623e+02
2.251695937084303694e+02
2.256891031132083754e+02
2.262108993127290546e+02
2.267354274090823480e+02
2.272631217754251338e+02
2.277944082327072124e+02
2.283297060208887785e+02
2.288694295939926633e+02
2.294139902637896853e+02
2.299637977131540083e+02
2.305192613969150273e+02
2.310807918453004106e+02
2.316488018827141673e+02
2.322237077725872041e+02
2.328059302972100113e+02
2.333958957799153779e+02
2.339940370555275138e+02
2.346007943936651259e+02
2.352166163783021773e+02
2.358419607457816483e+02
2.364772951823585743e+02
2.371230980812226505e+02
2.377798592578201919e+02
2.384480806211086019e+02
2.391282767971857766e+02
2.398209757004394760e+02
2.405267190460054678e+02
2.412460627958571706e+02
2.419795775292896280e+02
2.427278487268400511e+02
2.434914769548697961e+02
2.442710779360581910e+02
2.450672824889035724e+02
2.458807363170675444e+02
2.467120996269726731e+02
2.475620465494767757e+02
2.484312643387920616e+02
2.493204523190636905e+02
2.502303205462112601e+02
2.511615881498846932e+02
2.521149813177809449e+02
2.530912308820924466e+02
2.540910694658715272e+02
2.551152281455508444e+02
2.561644325851325448e+02
2.572393985977503235e+02
2.583408270918457674e+02
2.594693983623097324e+02
2.606257656919611350e+02
2.618105482362199155e+02
2.630243231738945724e+02
2.642676171203851823e+02
2.655408968163665122e+02
2.668445591256092371e+02
2.681789204002278098e+02
2.695442053002631724e+02
2.709405351869114043e+02
2.723679162445413340e+02
2.738262275249077788e+02
2.753152091466006937e+02
2.768344509219356837e+02
2.783833817202837508e+02
2.799612599085895681e+02
2.815671652336895363e+02
2.831999925241340748e+02
2.848584475883209848e+02
2.865410456682745348e+02
2.882461127721263097e+02
2.899717901521296994e+02
2.917160421187111865e+02
2.934766672863236749e+02
2.952513132366502191e+02
2.970374944637196677e+02
2.988326133400071285e+02
3.006339837196390476e+02
3.024388566820616120e+02
3.042444478245860751e+02
